23 71
26528 2 4 7 9 13 15 18 20 
51792 1 3 6 8 12 14 17 19 
51792 2 5 7 10 13 16 18 21 
26528 1 5 6 10 12 16 17 21 
51792 3 4 8 9 14 15 19 20 
42950 2 4 11 13 15 22 
17685 1 3 11 12 14 22 
17685 2 5 11 13 16 22 
42950 1 5 11 12 16 22 
17685 3 4 11 14 15 22 
60635 6 7 8 9 10 17 18 19 20 21 
37897 2 4 7 9 23 
12632 1 3 6 8 23 
12632 2 5 7 10 23 
37897 1 5 6 10 23 
12632 3 4 8 9 23 
0 2 4 11 23 
25264 1 3 11 23 
25264 2 5 11 23 
0 1 5 11 23 
25264 3 4 11 23 
25264 6 7 8 9 10 23 
75793 12 13 14 15 16 17 18 19 20 21 22 
