23 71
44902 2 4 7 9 13 15 18 20 
64424 1 3 6 8 12 14 17 19 
31236 2 5 7 10 13 16 18 21 
39045 1 5 6 10 12 16 17 21 
25379 3 4 8 9 14 15 19 20 
23427 2 4 11 13 15 22 
3905 1 3 11 12 14 22 
37093 2 5 11 13 16 22 
29284 1 5 11 12 16 22 
42950 3 4 11 14 15 22 
66377 6 7 8 9 10 17 18 19 20 21 
19523 2 4 7 9 23 
0 1 3 6 8 23 
33188 2 5 7 10 23 
25379 1 5 6 10 23 
39045 3 4 8 9 23 
19523 2 4 11 23 
39045 1 3 11 23 
5857 2 5 11 23 
13666 1 5 11 23 
0 3 4 11 23 
19523 6 7 8 9 10 23 
78090 12 13 14 15 16 17 18 19 20 21 22 
