23 71
48318 2 4 7 9 13 15 18 20 
48318 1 3 6 8 12 14 17 19 
48318 2 5 7 10 13 16 18 21 
32212 1 5 6 10 12 16 17 21 
32212 3 4 8 9 14 15 19 20 
21475 2 4 11 13 15 22 
21475 1 3 11 12 14 22 
21475 2 5 11 13 16 22 
37581 1 5 11 12 16 22 
37581 3 4 11 14 15 22 
59056 6 7 8 9 10 17 18 19 20 21 
16106 2 4 7 9 23 
16106 1 3 6 8 23 
16106 2 5 7 10 23 
32212 1 5 6 10 23 
32212 3 4 8 9 23 
21475 2 4 11 23 
21475 1 3 11 23 
21475 2 5 11 23 
5369 1 5 11 23 
5369 3 4 11 23 
26844 6 7 8 9 10 23 
75162 12 13 14 15 16 17 18 19 20 21 22 
