23 71
42209 2 4 7 9 13 15 18 20 
42209 1 3 6 8 12 14 17 19 
42209 2 5 7 10 13 16 18 21 
42209 1 5 6 10 12 16 17 21 
42209 3 4 8 9 14 15 19 20 
28139 2 4 11 13 15 22 
28139 1 3 11 12 14 22 
28139 2 5 11 13 16 22 
28139 1 5 11 12 16 22 
28139 3 4 11 14 15 22 
56279 6 7 8 9 10 17 18 19 20 21 
22215 2 4 7 9 23 
22215 1 3 6 8 23 
22215 2 5 7 10 23 
22215 1 5 6 10 23 
22215 3 4 8 9 23 
14810 2 4 11 23 
14810 1 3 11 23 
14810 2 5 11 23 
14810 1 5 11 23 
14810 3 4 11 23 
29620 6 7 8 9 10 23 
74051 12 13 14 15 16 17 18 19 20 21 22 
